RDA3
A
3
262400
197888
5
CP932
1026
1
262153
2
pv
531
24
13
1
8
14
1
30
10
1
0
13
1
113
528
5
262153
4
none
262153
9
trackball
262153
4
zoom
262153
3
fov
262153
4
pull
1026
1
262153
5
names
16
5
262153
4
none
262153
4
left
262153
5
right
262153
6
middle
262153
5
wheel
254
14
3
0
0
1567908.25
526
16
498.0972595214844
-175.1171112060547
301.938720703125
0
349.02294921875
243.8691253662109
-434.3323059082031
0
3.987919807434082
528.9569091796875
300.2035522460938
0
-327936.15625
-74982.171875
-1609497.625
1
1026
1
262153
3
dim
13
2
4
4
254
526
16
2.994464159011841
0
0
0
0
4.320314407348633
0
0
0
0
-3.863703489303589
-1
0
0
-5652128
0
1026
1023
13
2
4
4
254
10
1
0
526
16
0.8189402222633362
-0.2879165709018707
0.4964286684989929
0
0.5738416314125061
0.4009543061256409
-0.7141019105911255
0
0.006556687410920858
0.869677722454071
0.4935758411884308
0
0
0
0
1
1026
1023
13
2
4
4
254
526
16
1
0
0
0
0
1
0
0
0
0
1
0
0
0
0
1
1026
1023
13
2
4
4
254
14
3
608.2217407226562
608.2217407226562
608.2217407226562
525
4
0
0
1147
795
1026
767
16
4
262153
1
x
262153
1
y
262153
5
width
262153
6
height
254
14
1
0.863837718963623
14
6
10
870
10
610
94
195
13
4
-1524
106
-377
901
16
1
262153
4
sans
13
1
1
14
1
1
10
1
0
16
1
262153
8
TT\040Arial
13
1
8
14
1
4.6
13
1
0
1026
767
16
24
262153
9
antialias
262153
3
FOV
262153
12
ignoreExtent
262153
9
listeners
262153
9
mouseMode
262153
8
observer
262153
11
modelMatrix
262153
10
projMatrix
262153
10
skipRedraw
262153
10
userMatrix
262153
14
userProjection
262153
5
scale
262153
8
viewport
262153
4
zoom
262153
4
bbox
262153
10
windowRect
262153
6
family
262153
4
font
262153
3
cex
262153
11
useFreeType
262153
8
fontname
262153
13
maxClipPlanes
262153
9
glVersion
262153
14
activeSubscene
254
254
